-0.29516602
-0.53466797
0.41284180
-0.51757812
-0.69287109
-0.41186523
-1.51904297
0.29296875
-0.75366211
-0.48120117
-0.27197266
-0.65087891
0.45947266
-0.39672852
-0.28491211
0.38378906
-0.89477539
-0.01416016
-0.98730469
-0.45751953
0.00317383
-0.84692383
-0.26977539
-0.13134766
-0.55712891
-0.11206055
0.02929688
-1.35107422
-0.27270508
0.41479492
0.16503906
-0.58984375
-0.27905273
0.34301758
-0.79516602
0.24926758
-0.92041016
-0.31567383
0.12548828
-0.96582031
0.05493164
-0.77587891
-1.01660156
-1.14526367
0.23144531
-0.16674805
-0.06713867
-0.57885742
-0.90722656
-0.64697266
0.56201172
-0.78515625
-0.72070312
-0.96435547
-0.38916016
0.31787109
-0.29223633
-0.21801758
-0.35278320
-0.77172852
-0.09179688
0.00488281
0.30419922
-0.09741211
-0.10351562
-1.37915039
-0.61425781
-0.63769531
0.14086914
-0.73608398
-0.95263672
-0.19897461
-1.22216797
-0.44384766
-0.42041016
-0.68774414
-0.72607422
-0.86010742
-0.10400391
-0.07812500
-0.29101562
-0.89257812
0.28955078
-0.44848633
-0.48901367
-0.29492188
-1.75659180
-0.56860352
-0.33325195
0.25708008
-0.51391602
0.26025391
-0.28930664
0.44970703
-0.78100586
0.17871094
0.68066406
-1.26611328
-1.09399414
-0.43383789
