1.26367188
0.39770508
0.78735352
0.52880859
-0.63940430
-1.20361328
-0.25390625
-0.18627930
0.27856445
0.22705078
0.63964844
0.39819336
-0.50805664
-0.32495117
1.21948242
-0.60156250
0.54467773
-0.57373047
0.23510742
1.25244141
-0.66479492
-1.13500977
-0.53393555
-0.82128906
-0.33691406
0.47851562
0.46166992
1.60888672
0.30395508
0.64941406
-0.33227539
1.37939453
-0.87841797
1.34204102
0.85522461
-1.25830078
-1.20727539
0.71289062
0.22363281
0.13378906
0.37915039
0.36108398
1.54907227
0.59765625
-0.02294922
-0.42553711
0.41137695
0.54931641
1.23193359
-0.27221680
1.82934570
0.44775391
0.51879883
0.06982422
-0.17089844
1.46264648
-1.00952148
-1.02954102
0.56152344
0.05957031
-0.02612305
0.75024414
-0.71289062
0.16821289
-0.23974609
0.20751953
0.33544922
-0.30688477
-0.86547852
-0.97363281
1.34619141
-0.03247070
1.24658203
-0.40063477
0.24707031
0.49951172
0.61181641
1.24243164
0.21069336
1.09448242
-1.09985352
-0.49633789
0.50854492
-0.05346680
-1.05371094
-0.47241211
1.22436523
-1.06103516
-1.18994141
0.32910156
0.46166992
-0.28540039
0.49511719
-0.87231445
0.25024414
0.96826172
1.37280273
-0.33569336
1.18164062
-0.48217773
