9.70483398
2.96533203
6.91284180
2.98242188
-3.69287109
-9.91186523
-5.01904297
-2.70703125
1.74633789
2.01879883
5.22802734
2.84912109
-3.54052734
-3.39672852
9.21508789
-2.61621094
3.10522461
-3.01416016
1.01269531
13.04248047
-3.99682617
-6.84692383
-3.76977539
-5.63134766
-3.55712891
5.38793945
4.02929688
12.14892578
2.72729492
6.91479492
-3.33496094
10.91015625
-8.27905273
7.84301758
6.70483398
-7.25073242
-8.92041016
6.18432617
3.12548828
2.03417969
2.55493164
3.72412109
9.48339844
2.85473633
-0.76855469
-2.16674805
3.43286133
2.92114258
6.59277344
-1.64697266
19.56201172
2.21484375
3.77929688
1.53564453
-1.38916016
7.81787109
-5.79223633
-7.71801758
3.14721680
1.72827148
0.90820312
6.50488281
-5.69580078
2.90258789
-2.60351562
1.62084961
1.88574219
-2.63769531
-7.85913086
-4.73608398
9.04736328
-2.19897461
9.77783203
-2.94384766
2.07958984
4.81225586
5.27392578
6.63989258
2.39599609
7.42187500
-7.29101562
-3.39257812
3.28955078
-2.94848633
-5.98901367
-3.79492188
8.74340820
-8.06860352
-6.33325195
3.25708008
4.48608398
-3.23974609
5.21069336
-5.55029297
1.21899414
6.67871094
9.18066406
-2.76611328
5.90600586
-3.43383789
