0.77856445
0.59838867
0.68774414
0.62792969
0.34692383
0.22949219
0.43579102
0.45507812
0.56787109
0.55639648
0.65307617
0.59838867
0.37573242
0.42065430
0.77319336
0.35400391
0.63159180
0.36108398
0.56030273
0.77856445
0.33984375
0.24365234
0.36840820
0.30566406
0.41674805
0.61694336
0.61328125
0.83227539
0.57568359
0.65673828
0.41674805
0.79956055
0.29248047
0.79174805
0.70092773
0.22143555
0.22949219
0.67065430
0.55639648
0.53320312
0.59448242
0.59082031
0.82568359
0.64599609
0.49414062
0.39428711
0.60205078
0.63525391
0.77319336
0.43212891
0.86254883
0.60961914
0.62792969
0.51757812
0.45898438
0.81176758
0.26733398
0.26440430
0.63525391
0.51367188
0.49414062
0.68090820
0.32934570
0.54101562
0.43969727
0.55249023
0.58325195
0.42431641
0.29589844
0.27368164
0.79443359
0.49023438
0.77587891
0.40161133
0.56030273
0.62060547
0.64965820
0.77587891
0.55249023
0.75048828
0.24951172
0.37939453
0.62426758
0.48632812
0.25830078
0.38305664
0.77319336
0.25830078
0.23242188
0.58325195
0.61328125
0.42822266
0.62060547
0.29589844
0.56420898
0.72338867
0.79687500
0.41674805
0.76489258
0.38305664
